1120
12931
10308
14827
1356
8558
9331
1683
2455
17310
8960
8196
3753
14062
5459
10429
17431
9884
3869
6558
13410
3684
1323
10894
1392
950
1560
8218
14331
2205
3045
1959
6505
11019
8044
15340
4859
1788
9054
6783
14688
7584
4419
17668
3589
1606
15816
2673
9170
4373
6754
898
14850
4069
774
1487
9851
467
1115
4284
7970
13570
8743
6408
7
4780
1324
13420
1652
15060
3776
8392
13613
6416
12208
1526
6423
14648
13561
7995
17664
8232
6601
427
8652
17293
13294
12945
6067
15350
840
12393
15403
1328
7665
7347
15412
16535
12793
16377
8327
14730
6187
12973
4590
3664
15729
16022
16188
8765
2401
8577
4778
5325
8718
2126
3697
6612
1559
5374
16998
15239
2312
4298
12299
16399
17235
5210
13884
11613
14114
1315
9986
14059
18125
16173
9489
8084
13720
12639
2529
10628
6856
11755
9420
10701
6673
11473
16215
15260
12641
8258
9988
11878
15854
368
12788
10869
13688
6751
10080
17760
14946
7493
13427
12851
16085
10709
6837
8606
4803
11846
10472
4957
6516
13461
16953
1594
8955
15645
3072
9089
5989
1159
14312
11597
7091
3764
8828
2206
4262
1897
13514
16428
17998
13233
10741
7901
14174
16031
5156
2502
4742
7270
75
5268
17110
10073
14523
4414
10852
10597
3304
1070
7922
7635
8568
10334
13117
4094
1441
12260
16869
6180
8967
6729
14872
2896
14262
14104
16161
1797
7495
2603
8495
10577
6066
9750
10811
10013
10208
11009
3555
3366
2951
10252
4050
17174
7670
4413
7939
9158
15177
17969
8691
5045
5110
13430
15003
6557
8866
12675
5228
6061
1710
13615
10156
16982
7033
12126
3170
13990
9164
6189
17711
5327
15097
14778
9499
7836
8929
11042
10593
18467
14915
14376
4813
6287
6196
1720
14593
13224
8362
8460
10419
7924
2741
2038
13208
11199
3809
13126
3785
16207
16975
3665
3796
9974
5373
16157
12066
12523
1740
10798
4079
17072
7602
6485
10777
12895
6976
2946
14025
18346
3435
1327
11604
15958
6426
14430
6465
14339
8552
9066
5516
2287
9810
9877
17014
17596
14274
10919
15914
11596
6029
14189
8172
16690
16412
13533
7010
12485
2089
1935
13647
9971
17429
1465
16090
16441
6626
12546
10726
8168
17034
14225
1458
2134
16086
17658
16513
3961
16198
18413
6800
2929
948
8469
6393
10878
17572
13700
1158
1130
16657
12497
7509
9078
2970
5183
11936
15363
5192
4426
10860
8109
11600
18229
7610
12509
8802
16931
100
14148
16393
11116
1434
13428
12378
7069
3
9
8683
14636
6669
15627
17584
2200
6843
14109
3008
18273
12418
12827
1337
175
2805
6488
7513
4379
16070
5576
18058
331
16305
15314
11059
17624
6713
14301
16801
13699
708
13671
8456
13673
17262
11985
8723
2270
5260
4366
4081
13970
10996
8662
6329
16378
5982
767
14591
17764
11427
5769
12074
9709
15154
14518
12316
4895
14564
1668
3880
7720
4427
13807
15952
7186
7189
9176
4128
13376
15461
3942
3081
18157
766
6963
11736
16190
14144
11173
9211
6655
12785
11413
12191
4283
7549
2111
